c -3.026710 -3.026710 -3.026710
c -3.016438 -3.016438 -3.016438
c -3.005904 -3.005904 -3.005904
c -2.994846 -2.994846 -2.994846
c -2.983003 -2.983003 -2.983003
c -2.969775 -2.969775 -2.969775
c -2.953210 -2.953210 -2.953210
c -2.931020 -2.931020 -2.931020
c -2.900914 -2.900914 -2.900914
c -2.860862 -2.860862 -2.860862
c -2.809867 -2.809867 -2.809867
c -2.747190 -2.747190 -2.747190
c -2.672093 -2.672093 -2.672093
c -2.584504 -2.584504 -2.584504
c -2.487029 -2.487029 -2.487029
c -2.382938 -2.382938 -2.382938
c -2.275503 -2.275503 -2.275503
c -2.167444 -2.167444 -2.167444
c -2.059261 -2.059261 -2.059261
c -1.950904 -1.950904 -1.950904
c -1.842321 -1.842321 -1.842321
c -1.733474 -1.733474 -1.733474
c -1.624390 -1.624390 -1.624390
c -1.515109 -1.515109 -1.515109
c -1.405671 -1.405671 -1.405671
c -1.296129 -1.296129 -1.296129
c -1.186581 -1.186581 -1.186581
c -1.077139 -1.077139 -1.077139
c -0.967914 -0.967914 -0.967914
c -0.858974 -0.858974 -0.858974
c -0.750221 -0.750221 -0.750221
c -0.641515 -0.641515 -0.641515
c -0.532714 -0.532714 -0.532714
c -0.423390 -0.423390 -0.423390
c -0.311961 -0.311961 -0.311961
c -0.196560 -0.196560 -0.196560
c -0.075315 -0.075315 -0.075315
c 0.053926 0.053926 0.053926
c 0.194460 0.194460 0.194460
c 0.349867 0.349867 0.349867
c 0.523727 0.523727 0.523727
c 0.718405 0.718405 0.718405
c 0.931395 0.931395 0.931395
c 1.158976 1.158976 1.158976
c 1.397427 1.397427 1.397427
c 1.643668 1.643668 1.643668
c 1.897176 1.897176 1.897176
c 2.158070 2.158070 2.158070
c 2.426468 2.426468 2.426468
c 2.702134 2.702134 2.702134
c 2.983399 2.983399 2.983399
c 3.268241 3.268241 3.268241
c 3.554636 3.554636 3.554636
c 3.840984 3.840984 3.840984
c 4.127370 4.127370 4.127370
c 4.414304 4.414304 4.414304
c 4.702295 4.702295 4.702295
c 4.991493 4.991493 4.991493
c 5.280614 5.280614 5.280614
c 5.568013 5.568013 5.568013
c 5.852047 5.852047 5.852047
c 6.131569 6.131569 6.131569
c 6.407423 6.407423 6.407423
c 6.680948 6.680948 6.680948
c 6.953487 6.953487 6.953487
c 7.226151 7.226151 7.226151
c 7.499140 7.499140 7.499140
c 7.772422 7.772422 7.772422
c 8.045970 8.045970 8.045970
c 8.319743 8.319743 8.319743
c 8.593657 8.593657 8.593657
c 8.867620 8.867620 8.867620
c 9.141536 9.141536 9.141536
c 9.415473 9.415473 9.415473
c 9.690145 9.690145 9.690145
c 9.966426 9.966426 9.966426
c 10.245190 10.245190 10.245190
c 10.527060 10.527060 10.527060
c 10.811650 10.811650 10.811650
c 11.098323 11.098323 11.098323
c 11.386443 11.386443 11.386443
c 11.675358 11.675358 11.675358
c 11.964357 11.964357 11.964357
c 12.252714 12.252714 12.252714
c 12.539705 12.539705 12.539705
c 12.824946 12.824946 12.824946
c 13.109429 13.109429 13.109429
c 13.394488 13.394488 13.394488
c 13.681458 13.681458 13.681458
c 13.971180 13.971180 13.971180
c 14.262529 14.262529 14.262529
c 14.553887 14.553887 14.553887
c 14.843634 14.843634 14.843634
c 15.130025 15.130025 15.130025
c 15.410793 15.410793 15.410793
c 15.683545 15.683545 15.683545
c 15.945885 15.945885 15.945885
c 16.196678 16.196678 16.196678
c 16.439814 16.439814 16.439814
c 16.680445 16.680445 16.680445
c 16.923719 16.923719 16.923719
c 17.172653 17.172653 17.172653
c 17.421718 17.421718 17.421718
c 17.663253 17.663253 17.663253
c 17.889594 17.889594 17.889594
c 18.093820 18.093820 18.093820
c 18.271965 18.271965 18.271965
c 18.420807 18.420807 18.420807
c 18.537121 18.537121 18.537121
c 18.619697 18.619697 18.619697
c 18.675380 18.675380 18.675380
c 18.713031 18.713031 18.713031
c 18.741509 18.741509 18.741509
c 18.768211 18.768211 18.768211
c 18.794678 18.794678 18.794678
c 18.820988 18.820988 18.820988
c 18.847220 18.847220 18.847220
