c -3.185250 4.030207 4.030207
c -3.142612 4.138759 4.138759
c -3.099772 4.247838 4.247838
c -3.056404 4.358306 4.358306
c -3.012085 4.471283 4.471283
c -2.966331 4.588058 4.588058
c -2.918627 4.710010 4.710010
c -2.868459 4.838529 4.838529
c -2.815346 4.974930 4.974930
c -2.758867 5.120388 5.120388
c -2.698681 5.275873 5.275873
c -2.634548 5.442109 5.442109
c -2.566333 5.619541 5.619541
c -2.494011 5.808334 5.808334
c -2.417659 6.008376 6.008376
c -2.337438 6.219310 6.219310
c -2.253578 6.440578 6.440578
c -2.166347 6.671466 6.671466
c -2.076035 6.911156 6.911156
c -1.982928 7.158758 7.158758
c -1.887294 7.413342 7.413342
c -1.789364 7.673958 7.673958
c -1.689324 7.939657 7.939657
c -1.587302 8.209493 8.209493
c -1.483356 8.482534 8.482534
c -1.377475 8.757864 8.757864
c -1.269563 9.034578 9.034578
c -1.159445 9.311785 9.311785
c -1.046858 9.588596 9.588596
c -0.931455 9.864127 9.864127
c -0.812808 10.137491 10.137491
c -0.690413 10.407790 10.407790
c -0.563699 10.674117 10.674117
c -0.432043 10.935554 10.935554
c -0.294783 11.191174 11.191174
c -0.151248 11.440055 11.440055
c -0.000772 11.681292 11.681292
c 0.157268 11.914013 11.914013
c 0.323430 12.137406 12.137406
c 0.498176 12.350738 12.350738
c 0.681850 12.553382 12.553382
c 0.874653 12.744843 12.744843
c 1.076640 12.924772 12.924772
c 1.287717 13.092990 13.092990
c 1.507654 13.249487 13.249487
c 1.736103 13.394434 13.394434
c 1.972612 13.528187 13.528187
c 2.216646 13.651278 13.651278
c 2.467602 13.764415 13.764415
c 2.724824 13.868464 13.868464
c 2.987623 13.964424 13.964424
c 3.255292 14.053400 14.053400
c 3.527124 14.136548 14.136548
c 3.802431 14.215034 14.215034
c 4.080554 14.289992 14.289992
c 4.360876 14.362473 14.362473
c 4.642829 14.433414 14.433414
c 4.925901 14.503611 14.503611
c 5.209640 14.573697 14.573697
c 5.493659 14.644141 14.644141
c 5.777644 14.715242 14.715242
c 6.061354 14.787144 14.787144
c 6.344624 14.859841 14.859841
c 6.627357 14.933206 14.933206
c 6.909518 15.006992 15.006992
c 7.191126 15.080866 15.080866
c 7.472245 15.154414 15.154414
c 7.752970 15.227174 15.227174
c 8.033424 15.298641 15.298641
c 8.313752 15.368299 15.368299
c 8.594106 15.435637 15.435637
c 8.874649 15.500173 15.500173
c 9.155540 15.561478 15.561478
c 9.436934 15.619205 15.619205
c 9.718971 15.673112 15.673112
c 10.001771 15.723091 15.723091
c 10.285425 15.769186 15.769186
c 10.569991 15.811595 15.811595
c 10.855486 15.850665 15.850665
c 11.141886 15.886853 15.886853
c 11.429124 15.920671 15.920671
c 11.717091 15.952631 15.952631
c 12.005632 15.983196 15.983196
c 12.294558 16.012737 16.012737
c 12.583632 16.041510 16.041510
c 12.872581 16.069654 16.069654
c 13.161083 16.097208 16.097208
c 13.448772 16.124140 16.124140
c 13.735227 16.150396 16.150396
c 14.019973 16.175953 16.175953
c 14.302477 16.200855 16.200855
c 14.582159 16.225239 16.225239
c 14.858393 16.249336 16.249336
c 15.130522 16.273472 16.273472
c 15.397870 16.298012 16.298012
c 15.659759 16.323322 16.323322
c 15.915512 16.349693 16.349693
c 16.164474 16.377287 16.377287
c 16.406015 16.406099 16.406099
c 16.639528 16.435959 16.435959
c 16.864428 16.466553 16.466553
c 17.080168 16.497463 16.497463
c 17.286247 16.528225 16.528225
c 17.482250 16.558374 16.558374
c 17.667887 16.587502 16.587502
c 17.843037 16.615276 16.615276
c 18.007790 16.641483 16.641483
c 18.162477 16.666021 16.666021
c 18.307686 16.688898 16.688898
c 18.444250 16.710205 16.710205
c 18.573223 16.730112 16.730112
c 18.695827 16.748827 16.748827
c 18.813383 16.766592 16.766592
c 18.927223 16.783653 16.783653
c 19.038599 16.800249 16.800249
c 19.148605 16.816586 16.816586
