c -3.026710 -3.026710 -3.026710
c -2.985796 -2.985796 -2.985796
c -2.928126 -2.928126 -2.928126
c -2.707184 -2.707184 -2.707184
c -2.275693 -2.275693 -2.275693
c -1.843062 -1.843062 -1.843062
c -1.405981 -1.405981 -1.405981
c -0.967040 -0.967040 -0.967040
c -0.533341 -0.533341 -0.533341
c -0.095880 -0.095880 -0.095880
c 0.464970 0.464970 0.464970
c 1.378364 1.378364 1.378364
c 2.406139 2.406139 2.406139
c 3.555890 3.555890 3.555890
c 4.698118 4.698118 4.698118
c 5.865406 5.865406 5.865406
c 6.952544 6.952544 6.952544
c 8.045342 8.045342 8.045342
c 9.141909 9.141909 9.141909
c 10.236237 10.236237 10.236237
c 11.384285 11.384285 11.384285
c 12.545284 12.545284 12.545284
c 13.672806 13.672806 13.672806
c 14.852242 14.852242 14.852242
c 15.980034 15.980034 15.980034
c 16.902935 16.902935 16.902935
c 17.950542 17.950542 17.950542
c 18.632460 18.632460 18.632460
c 18.742344 18.742344 18.742344
c 18.847220 18.847220 18.847220
