c 0.449353 0.449353 0.449353
c 0.453360 0.453360 0.453360
c 0.457380 0.457380 0.457380
c 0.461425 0.461425 0.461425
c 0.465506 0.465506 0.465506
c 0.469848 0.469848 0.469848
c 0.475514 0.475514 0.475514
c 0.483778 0.483778 0.483778
c 0.495915 0.495915 0.495915
c 0.513712 0.513712 0.513712
c 0.541002 0.541002 0.541002
c 0.582131 0.582131 0.582131
c 0.641445 0.641445 0.641445
c 0.721897 0.721897 0.721897
c 0.820870 0.820870 0.820870
c 0.934354 0.934354 0.934354
c 1.058338 1.058338 1.058338
c 1.189166 1.189166 1.189166
c 1.324593 1.324593 1.324593
c 1.462728 1.462728 1.462728
c 1.601681 1.601681 1.601681
c 1.739951 1.739951 1.739951
c 1.877609 1.877609 1.877609
c 2.015115 2.015115 2.015115
c 2.152931 2.152931 2.152931
c 2.292089 2.292089 2.292089
c 2.435901 2.435901 2.435901
c 2.588251 2.588251 2.588251
c 2.753021 2.753021 2.753021
c 2.933047 2.933047 2.933047
c 3.126969 3.126969 3.126969
c 3.332381 3.332381 3.332381
c 3.546875 3.546875 3.546875
c 3.768489 3.768489 3.768489
c 3.997035 3.997035 3.997035
c 4.232768 4.232768 4.232768
c 4.475947 4.475947 4.475947
c 4.726405 4.726405 4.726405
c 4.982297 4.982297 4.982297
c 5.241354 5.241354 5.241354
c 5.501308 5.501308 5.501308
c 5.760474 5.760474 5.760474
c 6.019497 6.019497 6.019497
c 6.279603 6.279603 6.279603
c 6.542020 6.542020 6.542020
c 6.807460 6.807460 6.807460
c 7.074576 7.074576 7.074576
c 7.341506 7.341506 7.341506
c 7.606389 7.606389 7.606389
c 7.867703 7.867703 7.867703
c 8.125292 8.125292 8.125292
c 8.379340 8.379340 8.379340
c 8.630029 8.630029 8.630029
c 8.879332 8.879332 8.879332
c 9.136371 9.136371 9.136371
c 9.412060 9.412060 9.412060
c 9.717308 9.717308 9.717308
c 10.055593 10.055593 10.055593
c 10.400650 10.400650 10.400650
c 10.718779 10.718779 10.718779
c 10.976281 10.976281 10.976281
c 11.148978 11.148978 11.148978
c 11.250776 11.250776 11.250776
c 11.305102 11.305102 11.305102
c 11.335384 11.335384 11.335384
c 11.361170 11.361170 11.361170
c 11.386493 11.386493 11.386493
c 11.411507 11.411507 11.411507
c 11.436367 11.436367 11.436367
