c 0.262062 -3.442401 -3.442401
c 0.293244 -3.551880 -3.551880
c 0.324644 -3.661891 -3.661891
c 0.356641 -3.773301 -3.773301
c 0.389748 -3.887234 -3.887234
c 0.424582 -4.004980 -4.004980
c 0.461839 -4.127908 -4.127908
c 0.502262 -4.257380 -4.257380
c 0.546612 -4.394660 -4.394660
c 0.595633 -4.540836 -4.540836
c 0.650026 -4.696755 -4.696755
c 0.710412 -4.862974 -4.862974
c 0.777313 -5.039736 -5.039736
c 0.851125 -5.226962 -5.226962
c 0.932119 -5.424263 -5.424263
c 1.020441 -5.630984 -5.630984
c 1.116135 -5.846239 -5.846239
c 1.219165 -6.068976 -6.068976
c 1.329445 -6.298027 -6.298027
c 1.446867 -6.532146 -6.532146
c 1.571323 -6.770049 -6.770049
c 1.702731 -7.010439 -7.010439
c 1.841044 -7.252029 -7.252029
c 1.986259 -7.493557 -7.493557
c 2.138420 -7.733801 -7.733801
c 2.297602 -7.971592 -7.971592
c 2.463904 -8.205829 -8.205829
c 2.637426 -8.435492 -8.435492
c 2.818249 -8.659657 -8.659657
c 3.006409 -8.877512 -8.877512
c 3.201887 -9.088361 -9.088361
c 3.404596 -9.291620 -9.291620
c 3.614382 -9.486822 -9.486822
c 3.831027 -9.673601 -9.673601
c 4.054249 -9.851690 -9.851690
c 4.283714 -10.020924 -10.020924
c 4.519035 -10.181229 -10.181229
c 4.759780 -10.332627 -10.332627
c 5.005480 -10.475223 -10.475223
c 5.255636 -10.609177 -10.609177
c 5.509733 -10.734687 -10.734687
c 5.767242 -10.851961 -10.851961
c 6.027633 -10.961204 -10.961204
c 6.290370 -11.062609 -11.062609
c 6.554910 -11.156366 -11.156366
c 6.820703 -11.242672 -11.242672
c 7.087187 -11.321732 -11.321732
c 7.353788 -11.393764 -11.393764
c 7.619917 -11.459003 -11.459003
c 7.884975 -11.517686 -11.517686
c 8.148348 -11.570056 -11.570056
c 8.409401 -11.616366 -11.616366
c 8.667476 -11.656882 -11.656882
c 8.921880 -11.691888 -11.691888
c 9.171881 -11.721696 -11.721696
c 9.416698 -11.746652 -11.746652
c 9.655512 -11.767139 -11.767139
c 9.887489 -11.783582 -11.783582
c 10.111855 -11.796433 -11.796433
c 10.327991 -11.806171 -11.806171
c 10.535565 -11.813279 -11.813279
c 10.734622 -11.818227 -11.818227
c 10.925641 -11.821459 -11.821459
c 11.109509 -11.823381 -11.823381
c 11.287427 -11.824354 -11.824354
c 11.460789 -11.824684 -11.824684
c 11.631031 -11.824624 -11.824624
c 11.799488 -11.824366 -11.824366
