c 0.449353 0.449353 0.449353
c 0.465374 0.465374 0.465374
c 0.482189 0.482189 0.482189
c 0.581363 0.581363 0.581363
c 1.041030 1.041030 1.041030
c 1.604545 1.604545 1.604545
c 2.150874 2.150874 2.150874
c 2.709544 2.709544 2.709544
c 3.529074 3.529074 3.529074
c 4.455411 4.455411 4.455411
c 5.504962 5.504962 5.504962
c 6.532586 6.532586 6.532586
c 7.616814 7.616814 7.616814
c 8.638494 8.638494 8.638494
c 9.609385 9.609385 9.609385
c 11.227818 11.227818 11.227818
c 11.337030 11.337030 11.337030
c 11.436367 11.436367 11.436367
