road 1
lf 19.38  18.35
rb 31.88  10.69
pre 
beh 2

road 2
point
c 19.148605 16.816586 16.816586
c 19.038599 16.800249 16.800249
c 18.927223 16.783653 16.783653
c 18.813383 16.766592 16.766592
c 18.695827 16.748827 16.748827
c 18.573223 16.730112 16.730112
c 18.444250 16.710205 16.710205
c 18.307686 16.688898 16.688898
c 18.162477 16.666021 16.666021
c 18.007790 16.641483 16.641483
c 17.843037 16.615276 16.615276
c 17.667887 16.587502 16.587502
c 17.482250 16.558374 16.558374
c 17.286247 16.528225 16.528225
c 17.080168 16.497463 16.497463
c 16.864428 16.466553 16.466553
c 16.639528 16.435959 16.435959
c 16.406015 16.406099 16.406099
c 16.164474 16.377287 16.377287
c 15.915512 16.349693 16.349693
c 15.659759 16.323322 16.323322
c 15.397870 16.298012 16.298012
c 15.130522 16.273472 16.273472
c 14.858393 16.249336 16.249336
c 14.582159 16.225239 16.225239
c 14.302477 16.200855 16.200855
c 14.019973 16.175953 16.175953
c 13.735227 16.150396 16.150396
c 13.448772 16.124140 16.124140
c 13.161083 16.097208 16.097208
c 12.872581 16.069654 16.069654
c 12.583632 16.041510 16.041510
c 12.294558 16.012737 16.012737
c 12.005632 15.983196 15.983196
c 11.717091 15.952631 15.952631
c 11.429124 15.920671 15.920671
c 11.141886 15.886853 15.886853
c 10.855486 15.850665 15.850665
c 10.569991 15.811595 15.811595
c 10.285425 15.769186 15.769186
c 10.001771 15.723091 15.723091
c 9.718971 15.673112 15.673112
c 9.436934 15.619205 15.619205
c 9.155540 15.561478 15.561478
c 8.874649 15.500173 15.500173
c 8.594106 15.435637 15.435637
c 8.313752 15.368299 15.368299
c 8.033424 15.298641 15.298641
c 7.752970 15.227174 15.227174
c 7.472245 15.154414 15.154414
c 7.191126 15.080866 15.080866
c 6.909518 15.006992 15.006992
c 6.627357 14.933206 14.933206
c 6.344624 14.859841 14.859841
c 6.061354 14.787144 14.787144
c 5.777644 14.715242 14.715242
c 5.493659 14.644141 14.644141
c 5.209640 14.573697 14.573697
c 4.925901 14.503611 14.503611
c 4.642829 14.433414 14.433414
c 4.360876 14.362473 14.362473
c 4.080554 14.289992 14.289992
c 3.802431 14.215034 14.215034
c 3.527124 14.136548 14.136548
c 3.255292 14.053400 14.053400
c 2.987623 13.964424 13.964424
c 2.724824 13.868464 13.868464
c 2.467602 13.764415 13.764415
c 2.216646 13.651278 13.651278
c 1.972612 13.528187 13.528187
c 1.736103 13.394434 13.394434
c 1.507654 13.249487 13.249487
c 1.287717 13.092990 13.092990
c 1.076640 12.924772 12.924772
c 0.874653 12.744843 12.744843
c 0.681850 12.553382 12.553382
c 0.498176 12.350738 12.350738
c 0.323430 12.137406 12.137406
c 0.157268 11.914013 11.914013
c -0.000772 11.681292 11.681292
c -0.151248 11.440055 11.440055
c -0.294783 11.191174 11.191174
c -0.432043 10.935554 10.935554
c -0.563699 10.674117 10.674117
c -0.690413 10.407790 10.407790
c -0.812808 10.137491 10.137491
c -0.931455 9.864127 9.864127
c -1.046858 9.588596 9.588596
c -1.159445 9.311785 9.311785
c -1.269563 9.034578 9.034578
c -1.377475 8.757864 8.757864
c -1.483356 8.482534 8.482534
c -1.587302 8.209493 8.209493
c -1.689324 7.939657 7.939657
c -1.789364 7.673958 7.673958
c -1.887294 7.413342 7.413342
c -1.982928 7.158758 7.158758
c -2.076035 6.911156 6.911156
c -2.166347 6.671466 6.671466
c -2.253578 6.440578 6.440578
c -2.337438 6.219310 6.219310
c -2.417659 6.008376 6.008376
c -2.494011 5.808334 5.808334
c -2.566333 5.619541 5.619541
c -2.634548 5.442109 5.442109
c -2.698681 5.275873 5.275873
c -2.758867 5.120388 5.120388
c -2.815346 4.974930 4.974930
c -2.868459 4.838529 4.838529
c -2.918627 4.710010 4.710010
c -2.966331 4.588058 4.588058
c -3.012085 4.471283 4.471283
c -3.056404 4.358306 4.358306
c -3.099772 4.247838 4.247838
c -3.142612 4.138759 4.138759
c -3.185250 4.030207 4.030207
pre 1
beh 3

road 3
lf -8.2  4.0
rb 4.36 -3.64
pre 2
beh 4

road 4
point
c 0.262062 -3.442401 -3.442401
c 0.293244 -3.551880 -3.551880
c 0.324644 -3.661891 -3.661891
c 0.356641 -3.773301 -3.773301
c 0.389748 -3.887234 -3.887234
c 0.424582 -4.004980 -4.004980
c 0.461839 -4.127908 -4.127908
c 0.502262 -4.257380 -4.257380
c 0.546612 -4.394660 -4.394660
c 0.595633 -4.540836 -4.540836
c 0.650026 -4.696755 -4.696755
c 0.710412 -4.862974 -4.862974
c 0.777313 -5.039736 -5.039736
c 0.851125 -5.226962 -5.226962
c 0.932119 -5.424263 -5.424263
c 1.020441 -5.630984 -5.630984
c 1.116135 -5.846239 -5.846239
c 1.219165 -6.068976 -6.068976
c 1.329445 -6.298027 -6.298027
c 1.446867 -6.532146 -6.532146
c 1.571323 -6.770049 -6.770049
c 1.702731 -7.010439 -7.010439
c 1.841044 -7.252029 -7.252029
c 1.986259 -7.493557 -7.493557
c 2.138420 -7.733801 -7.733801
c 2.297602 -7.971592 -7.971592
c 2.463904 -8.205829 -8.205829
c 2.637426 -8.435492 -8.435492
c 2.818249 -8.659657 -8.659657
c 3.006409 -8.877512 -8.877512
c 3.201887 -9.088361 -9.088361
c 3.404596 -9.291620 -9.291620
c 3.614382 -9.486822 -9.486822
c 3.831027 -9.673601 -9.673601
c 4.054249 -9.851690 -9.851690
c 4.283714 -10.020924 -10.020924
c 4.519035 -10.181229 -10.181229
c 4.759780 -10.332627 -10.332627
c 5.005480 -10.475223 -10.475223
c 5.255636 -10.609177 -10.609177
c 5.509733 -10.734687 -10.734687
c 5.767242 -10.851961 -10.851961
c 6.027633 -10.961204 -10.961204
c 6.290370 -11.062609 -11.062609
c 6.554910 -11.156366 -11.156366
c 6.820703 -11.242672 -11.242672
c 7.087187 -11.321732 -11.321732
c 7.353788 -11.393764 -11.393764
c 7.619917 -11.459003 -11.459003
c 7.884975 -11.517686 -11.517686
c 8.148348 -11.570056 -11.570056
c 8.409401 -11.616366 -11.616366
c 8.667476 -11.656882 -11.656882
c 8.921880 -11.691888 -11.691888
c 9.171881 -11.721696 -11.721696
c 9.416698 -11.746652 -11.746652
c 9.655512 -11.767139 -11.767139
c 9.887489 -11.783582 -11.783582
c 10.111855 -11.796433 -11.796433
c 10.327991 -11.806171 -11.806171
c 10.535565 -11.813279 -11.813279
c 10.734622 -11.818227 -11.818227
c 10.925641 -11.821459 -11.821459
c 11.109509 -11.823381 -11.823381
c 11.287427 -11.824354 -11.824354
c 11.460789 -11.824684 -11.824684
c 11.631031 -11.824624 -11.824624
c 11.799488 -11.824366 -11.824366
pre 3
beh 5

road 5
lf 11.66  -5.96
rb 24.35  -13.77
pre 4
beh
