road 1
lf 19.38  18.35
rb 31.88  10.69
pre 
beh 2

road 2
point
c -3.026710 4.448742 1.189656
c -2.985796 4.550839 1.189656
c -2.928126 4.694750 1.189656
c -2.887194 4.796890 1.189656
c -2.846310 4.898913 1.189656
c -2.805381 5.001049 1.189656
c -2.764491 5.103085 1.189656
c -2.723563 5.205219 1.189656
c -2.686352 5.298074 1.189656
c -2.645445 5.400153 1.189656
c -2.608246 5.492982 1.189656
c -2.571039 5.585827 1.189656
c -2.533819 5.678708 1.189656
c -2.496579 5.771637 1.189656
c -2.455700 5.873647 1.189656
c -2.414820 5.975658 1.189656
c -2.377580 6.068588 1.189656
c -2.336685 6.170638 1.189656
c -2.295777 6.272719 1.189656
c -2.254880 6.374775 1.189656
c -2.213972 6.476858 1.189656
c -2.176746 6.569751 1.189656
c -2.135851 6.671800 1.189656
c -2.094922 6.773935 1.189656
c -2.057675 6.866881 1.189656
c -2.016802 6.968878 1.189656
c -1.975887 7.070976 1.189656
c -1.938672 7.163843 1.189656
c -1.901466 7.256687 1.189656
c -1.864245 7.349569 1.189656
c -1.823356 7.451605 1.189656
c -1.786152 7.544444 1.189656
c -1.748939 7.637306 1.189656
c -1.708019 7.739418 1.189656
c -1.667085 7.841564 1.189656
c -1.626223 7.943531 1.189656
c -1.588985 8.036456 1.189656
c -1.548077 8.138539 1.189656
c -1.507163 8.240636 1.189656
c -1.466249 8.342733 1.189656
c -1.425316 8.444877 1.189656
c -1.384407 8.546961 1.189656
c -1.343491 8.649064 1.189656
c -1.302585 8.751142 1.189656
c -1.265381 8.843983 1.189656
c -1.228162 8.936858 1.189656
c -1.187256 9.038936 1.189656
c -1.146328 9.141067 1.189656
c -1.105416 9.243159 1.189656
c -1.064479 9.345314 1.189656
c -1.023578 9.447379 1.189656
c -0.986380 9.540204 1.189656
c -0.945482 9.642262 1.189656
c -0.908281 9.735092 1.189656
c -0.871071 9.827947 1.189656
c -0.830141 9.930085 1.189656
c -0.789244 10.032139 1.189656
c -0.748310 10.134287 1.189656
c -0.707404 10.236364 1.189656
c -0.670170 10.329279 1.189656
c -0.629317 10.431223 1.189656
c -0.592118 10.524050 1.189656
c -0.554909 10.616902 1.189656
c -0.514022 10.718931 1.189656
c -0.476810 10.811790 1.189656
c -0.435875 10.913941 1.189656
c -0.395005 11.015927 1.189656
c -0.357777 11.108827 1.189656
c -0.316852 11.210950 1.189656
c -0.275930 11.313068 1.189656
c -0.235036 11.415117 1.189656
c -0.194100 11.517267 1.189656
c -0.156890 11.610121 1.189656
c -0.115946 11.712293 1.189656
c -0.075061 11.814319 1.189656
c -0.037847 11.907183 1.189656
c 0.003093 12.009346 1.189656
c 0.043987 12.111393 1.189656
c 0.084929 12.213560 1.189656
c 0.125832 12.315630 1.189656
c 0.163038 12.408475 1.189656
c 0.203927 12.510510 1.189656
c 0.244802 12.612509 1.189656
c 0.324158 12.673418 0.654638
c 0.411366 12.740355 0.654638
c 0.490709 12.801254 0.654638
c 0.577963 12.868226 0.654638
c 0.657390 12.929190 0.654638
c 0.744574 12.996108 0.654638
c 0.831772 13.063037 0.654638
c 0.911162 13.123972 0.654638
c 0.998417 13.190945 0.654638
c 1.085679 13.257922 0.654638
c 1.172877 13.324852 0.654638
c 1.252239 13.385766 0.654638
c 1.331635 13.446706 0.654638
c 1.418750 13.513571 0.654638
c 1.505955 13.580505 0.654638
c 1.585445 13.641517 0.654638
c 1.672687 13.708480 0.654638
c 1.759956 13.775463 0.654638
c 1.847198 13.842425 0.654638
c 1.934458 13.909402 0.654638
c 2.033888 13.921359 0.119677
c 2.143019 13.934482 0.119677
c 2.252241 13.947616 0.119677
c 2.351587 13.959563 0.119677
c 2.460721 13.972686 0.119677
c 2.560045 13.984630 0.119677
c 2.669181 13.997754 0.119677
c 2.778456 14.010894 0.119677
c 2.877792 14.022839 0.119677
c 2.977116 14.034783 0.119677
c 3.086319 14.047915 0.119677
c 3.195510 14.061045 0.119677
c 3.294838 14.072990 0.119677
c 3.403975 14.086113 0.119677
c 3.503340 14.098062 0.119677
c 3.612361 14.111172 0.119677
c 3.711656 14.123112 0.119677
c 3.811051 14.135065 0.119677
c 3.920241 14.148195 0.119677
c 4.019611 14.160144 0.119677
c 4.128586 14.173249 0.119677
c 4.228006 14.185204 0.119677
c 4.327309 14.197145 0.119677
c 4.436506 14.210277 0.119677
c 4.545702 14.223408 0.119677
c 4.645074 14.235357 0.119677
c 4.754144 14.248473 0.119677
c 4.853512 14.260422 0.119677
c 4.962688 14.273551 0.119677
c 5.062104 14.285506 0.119677
c 5.166136 14.321100 0.329661
c 5.312864 14.371302 0.329661
c 5.407488 14.403677 0.329661
c 5.511533 14.439276 0.329661
c 5.606204 14.471667 0.329661
c 5.710254 14.507268 0.329661
c 5.814367 14.542889 0.329661
c 5.918364 14.578472 0.329661
c 6.022419 14.614074 0.329661
c 6.126388 14.649646 0.329661
c 6.221203 14.682087 0.329661
c 6.315834 14.714464 0.329661
c 6.419811 14.750040 0.329661
c 6.514458 14.782423 0.329661
c 6.609087 14.814800 0.329661
c 6.703727 14.847180 0.329661
c 6.807772 14.882779 0.329661
c 6.902423 14.915163 0.329661
c 7.006402 14.950739 0.329661
c 7.101089 14.983136 0.329661
c 7.195724 15.015515 0.329661
c 7.290360 15.047895 0.329661
c 7.394396 15.083490 0.329661
c 7.489045 15.115874 0.329661
c 7.593108 15.151479 0.329661
c 7.697132 15.187070 0.329661
c 7.791794 15.219458 0.329661
c 7.886440 15.251841 0.329661
c 7.990390 15.287407 0.329661
c 8.094504 15.323029 0.329661
c 8.198613 15.358650 0.329661
c 8.302714 15.394267 0.329661
c 8.397377 15.426656 0.329661
c 8.501349 15.462230 0.329661
c 8.595995 15.494612 0.329661
c 8.699939 15.530176 0.329661
c 8.794639 15.562578 0.329661
c 8.889308 15.594968 0.329661
c 8.993338 15.630562 0.329661
c 9.097460 15.666187 0.329661
c 9.192098 15.698567 0.329661
c 9.286744 15.730949 0.329661
c 9.390679 15.766510 0.329661
c 9.485423 15.798926 0.329661
c 9.589455 15.834521 0.329661
c 9.684085 15.866898 0.329661
c 9.778730 15.899281 0.329661
c 9.882805 15.934889 0.329661
c 9.986868 15.970494 0.329661
c 10.090873 16.006079 0.329661
c 10.185550 16.038472 0.329661
c 10.280207 16.070859 0.329661
c 10.378042 16.049975 -0.210297
c 10.485554 16.027027 -0.210297
c 10.593061 16.004079 -0.210297
c 10.700670 15.981110 -0.210297
c 10.798490 15.960230 -0.210297
c 10.906069 15.937267 -0.210297
c 11.013644 15.914304 -0.210297
c 11.121197 15.891347 -0.210297
c 11.228748 15.868390 -0.210297
c 11.336371 15.845418 -0.210297
c 11.443932 15.822458 -0.210297
c 11.541773 15.801574 -0.210297
c 11.649294 15.778623 -0.210297
c 11.747127 15.757741 -0.210297
c 11.854697 15.734779 -0.210297
c 11.962173 15.711838 -0.210297
c 12.060055 15.690945 -0.210297
c 12.158924 15.703407 0.429845
c 12.308804 15.772117 0.429845
c 12.408783 15.817951 0.429845
c 12.508816 15.863810 0.429845
c 12.608789 15.909641 0.429845
c 12.708717 15.955451 0.429845
c 12.799729 15.997174 0.429845
c 12.899621 16.042968 0.429845
c 12.990607 16.084679 0.429845
c 13.081538 16.126365 0.429845
c 13.181475 16.172179 0.429845
c 13.272405 16.213865 0.429845
c 13.367615 16.240194 0.109883
c 13.531338 16.258258 0.109883
c 13.630787 16.269229 0.109883
c 13.730219 16.280200 0.109883
c 13.839562 16.292263 0.109883
c 13.948888 16.304325 0.109883
c 14.058207 16.316385 0.109883
c 14.167560 16.328450 0.109883
c 14.267094 16.339431 0.109883
c 14.376255 16.351475 0.109883
c 14.475822 16.362460 0.109883
c 14.585104 16.374517 0.109883
c 14.694436 16.386579 0.109883
c 14.803746 16.398639 0.109883
c 14.912987 16.410691 0.109883
c 15.013286 16.379637 -0.300257
c 15.118346 16.347108 -0.300257
c 15.223441 16.314569 -0.300257
c 15.318997 16.284983 -0.300257
c 15.424050 16.252457 -0.300257
c 15.529049 16.219947 -0.300257
c 15.624641 16.190350 -0.300257
c 15.720224 16.160756 -0.300257
c 15.825258 16.128236 -0.300257
c 15.920835 16.098643 -0.300257
c 16.025927 16.066105 -0.300257
c 16.131008 16.033570 -0.300257
c 16.236067 16.001042 -0.300257
c 16.341182 15.968496 -0.300257
c 16.446148 15.935997 -0.300257
c 16.541774 15.906389 -0.300257
c 16.597966 16.000934 1.034546
c 16.682204 16.142668 1.034546
c 16.738402 16.237221 1.034546
c 16.789518 16.323225 1.034546
c 16.845715 16.417778 1.034546
c 16.901916 16.512338 1.034546
c 16.958120 16.606903 1.034546
c 17.066601 16.624922 0.164598
c 17.175114 16.642946 0.164598
c 17.273785 16.659335 0.164598
c 17.372481 16.675729 0.164598
c 17.480956 16.693746 0.164598
c 17.589415 16.711762 0.164598
c 17.688081 16.728150 0.164598
c 17.796530 16.746164 0.164598
c 17.895252 16.762561 0.164598
c 17.998792 16.779759 0.164598
c 18.103073 16.785459 -0.045417
c 18.212893 16.780468 -0.045417
c 18.317767 16.775702 -0.045417
c 18.422665 16.770935 -0.045417
c 18.527575 16.766167 -0.045417
c 18.632460 16.761400 -0.045417
c 18.742344 16.756406 -0.045417
c 18.847220 16.751639 -0.045417
pre 1
beh 3

road 3
lf -8.2  4.0
rb 4.36 -3.64
pre 2
beh 4

road 4
point
c 0.449353 -3.864241 -1.409964
c 0.465374 -3.962991 -1.409964
c 0.482189 -4.066639 -1.409964
c 0.499001 -4.170266 -1.409964
c 0.515021 -4.269011 -1.409964
c 0.531836 -4.372660 -1.409964
c 0.549448 -4.481222 -1.409964
c 0.566260 -4.584850 -1.409964
c 0.583076 -4.688498 -1.409964
c 0.599892 -4.792151 -1.409964
c 0.616702 -4.895768 -1.409964
c 0.651452 -4.998588 -1.079955
c 0.700939 -5.091179 -1.079955
c 0.752787 -5.188186 -1.079955
c 0.804627 -5.285180 -1.079955
c 0.851775 -5.373395 -1.079955
c 0.901279 -5.466017 -1.079955
c 0.950790 -5.558653 -1.079955
c 1.023847 -5.695344 -1.079955
c 1.075683 -5.792330 -1.079955
c 1.122846 -5.880572 -1.079955
c 1.174636 -5.977472 -1.079955
c 1.226466 -6.074446 -1.079955
c 1.278349 -6.171520 -1.079955
c 1.325545 -6.259826 -1.079955
c 1.377367 -6.356785 -1.079955
c 1.429221 -6.453804 -1.079955
c 1.481062 -6.550799 -1.079955
c 1.532865 -6.647723 -1.079955
c 1.580086 -6.736076 -1.079955
c 1.631855 -6.832936 -1.079955
c 1.679006 -6.921156 -1.079955
c 1.730829 -7.018119 -1.079955
c 1.778010 -7.106393 -1.079955
c 1.825153 -7.194600 -1.079955
c 1.876984 -7.291576 -1.079955
c 1.924156 -7.379836 -1.079955
c 1.976007 -7.476849 -1.079955
c 2.027814 -7.573782 -1.079955
c 2.079665 -7.670796 -1.079955
c 2.126862 -7.759101 -1.079955
c 2.178663 -7.856022 -1.079955
c 2.225817 -7.944247 -1.079955
c 2.273001 -8.032531 -1.079955
c 2.324787 -8.129422 -1.079955
c 2.371968 -8.217699 -1.079955
c 2.423814 -8.314704 -1.079955
c 2.475629 -8.411650 -1.079955
c 2.527472 -8.508650 -1.079955
c 2.579290 -8.605600 -1.079955
c 2.626465 -8.693867 -1.079955
c 2.673610 -8.782074 -1.079955
c 2.720751 -8.870278 -1.079955
c 2.772544 -8.967182 -1.079955
c 2.819720 -9.055449 -1.079955
c 2.906575 -9.122848 -0.659930
c 2.993389 -9.190215 -0.659930
c 3.080274 -9.257637 -0.659930
c 3.159323 -9.318979 -0.659930
c 3.238339 -9.380294 -0.659930
c 3.317343 -9.441601 -0.659930
c 3.396356 -9.502914 -0.659930
c 3.483254 -9.570346 -0.659930
c 3.570180 -9.637800 -0.659930
c 3.657035 -9.705199 -0.659930
c 3.736064 -9.766525 -0.659930
c 3.822971 -9.833964 -0.659930
c 3.909874 -9.901400 -0.659930
c 3.988936 -9.962751 -0.659930
c 4.075765 -10.030130 -0.659930
c 4.154847 -10.091497 -0.659930
c 4.241737 -10.158923 -0.659930
c 4.328577 -10.226310 -0.659930
c 4.415509 -10.293769 -0.659930
c 4.494531 -10.355089 -0.659930
c 4.581409 -10.422506 -0.659930
c 4.668296 -10.489929 -0.659930
c 4.755218 -10.557380 -0.659930
c 4.838217 -10.621787 -0.659930
c 4.942318 -10.635400 -0.130033
c 5.051248 -10.649645 -0.130033
c 5.150446 -10.662617 -0.130033
c 5.249641 -10.675589 -0.130033
c 5.348830 -10.688560 -0.130033
c 5.457799 -10.702810 -0.130033
c 5.557085 -10.715794 -0.130033
c 5.666019 -10.730039 -0.130033
c 5.765231 -10.743014 -0.130033
c 5.858997 -10.800504 -0.550019
c 5.944328 -10.852823 -0.550019
c 6.038100 -10.910318 -0.550019
c 6.123417 -10.962629 -0.550019
c 6.217181 -11.020118 -0.550019
c 6.310871 -11.077562 -0.550019
c 6.396217 -11.129891 -0.550019
c 6.489940 -11.187356 -0.550019
c 6.575283 -11.239682 -0.550019
c 6.669017 -11.297153 -0.550019
c 6.762670 -11.354574 -0.550019
c 6.847942 -11.406858 -0.550019
c 6.933325 -11.459208 -0.550019
c 7.022845 -11.514096 -0.550019
c 7.127406 -11.504654 0.090059
c 7.236869 -11.494769 0.090059
c 7.346451 -11.484873 0.090059
c 7.455865 -11.474993 0.090059
c 7.565481 -11.465094 0.090059
c 7.665089 -11.456099 0.090059
c 7.774647 -11.446206 0.090059
c 7.884169 -11.436316 0.090059
c 7.985796 -11.460140 -0.550249
c 8.126366 -11.546372 -0.550249
c 8.220041 -11.603836 -0.550249
c 8.305395 -11.656197 -0.550249
c 8.390663 -11.708504 -0.550249
c 8.475936 -11.760815 -0.550249
c 8.569629 -11.818291 -0.550249
c 8.663456 -11.875849 -0.550249
c 8.695005 -11.770524 1.279759
c 8.723713 -11.674684 1.279759
c 8.755292 -11.569263 1.279759
c 8.855281 -11.601327 -0.310317
c 8.950568 -11.631883 -0.310317
c 9.050527 -11.663938 -0.310317
c 9.150507 -11.695999 -0.310317
c 9.255275 -11.729596 -0.310317
c 9.360005 -11.763181 -0.310317
c 9.459990 -11.795243 -0.310317
c 9.559986 -11.827310 -0.310317
c 9.659985 -11.859377 -0.310317
c 9.759971 -11.891440 -0.310317
c 9.859922 -11.923493 -0.310317
c 9.961955 -11.934316 0.119658
c 10.066246 -11.921777 0.119658
c 10.170471 -11.909246 0.119658
c 10.274728 -11.896711 0.119658
c 10.374052 -11.884769 0.119658
c 10.478250 -11.872241 0.119658
c 10.587468 -11.859109 0.119658
c 10.691715 -11.846575 0.119658
c 10.800928 -11.833444 0.119658
c 10.905170 -11.820911 0.119658
c 11.009404 -11.808379 0.119658
c 11.118636 -11.795245 0.119658
c 11.227818 -11.782118 0.119658
c 11.337030 -11.768987 0.119658
c 11.436367 -11.757044 0.119658
pre 3
beh 5

road 5
lf 11.66  -5.96
rb 24.35  -13.77
pre 4
beh
